H2
Nuclear Repulsion Energy is 19.45895069 eV.
Electron Energy is -60.03426719 eV.
  Suv_RA
        0   0.3463  -0.3463        0
        0        0        0        0
        0        0        0        0
gammaAB_RA
        0   5.4162  -5.4162        0
        0        0        0        0
        0        0        0        0
gradient_nuclear
   13.9152  -13.9152
         0         0
         0         0
gradient_electronic
  -14.3570   14.3570
         0         0
         0         0
gradient
  -0.4419   0.4419
        0        0
        0        0
H2O
Nuclear Repulsion Energy is 190.2693896 eV.
Electron Energy is -728.2915612 eV.
  Suv_RA
        0        0        0        0        0        0        0        0        0        0  -0.2180  -0.2180        0        0        0        0        0        0        0        0        0        0        0        0        0   0.2180        0        0        0        0        0   0.2180        0        0        0        0
        0        0        0        0   0.2743  -0.2743        0        0        0        0        0        0        0        0        0        0   0.0322   0.0322        0        0        0        0  -0.1947   0.1947  -0.2743        0  -0.0322   0.1947        0  -0.1925   0.2743        0  -0.0322  -0.1947   0.1925        0
        0        0        0        0  -0.2134  -0.2134        0        0        0        0        0        0        0        0        0        0  -0.1947   0.1947        0        0        0        0  -0.0665  -0.0665   0.2134        0   0.1947   0.0665        0        0   0.2134        0  -0.1947   0.0665        0        0
gammaAB_RA
        0        0        0        0        0        0        0        0        0
        0   4.0914  -4.0914  -4.0914        0  -2.9559   4.0914   2.9559        0
        0  -3.1833  -3.1833   3.1833        0        0   3.1833        0        0
gradient_nuclear
         0         0         0
         0  -42.8187   42.8187
  -61.4244   30.7122   30.7122
gradient_electronic
   1.2169e-15  -1.1739e-15  -4.2990e-17
   4.7740e-15   3.9477e+01  -3.9477e+01
   5.6551e+01  -2.8276e+01  -2.8276e+01
gradient
   1.2169e-15  -1.1739e-15  -4.2990e-17
   4.7740e-15  -3.3416e+00   3.3416e+00
  -4.8730e+00   2.4365e+00   2.4365e+00
HF
Nuclear Repulsion Energy is 110.7440561 eV.
Electron Energy is -873.151564 eV.
  Suv_RA
        0   0.3571  -0.1807        0        0  -0.3571        0        0        0        0   0.1807        0        0        0        0        0        0        0        0        0        0        0        0        0        0
        0        0        0   0.2044        0        0        0        0        0        0        0        0        0        0        0  -0.2044        0        0        0        0        0        0        0        0        0
        0        0        0        0   0.2044        0        0        0        0        0        0        0        0        0        0        0        0        0        0        0  -0.2044        0        0        0        0
gammaAB_RA
        0   5.7692  -5.7692        0
        0        0        0        0
        0        0        0        0
gradient_nuclear
   64.3861  -64.3861
         0         0
         0         0
gradient_electronic
  -58.0502   58.0502
         0         0
         0         0
gradient
   6.3359  -6.3359
        0        0
        0        0
HO
Nuclear Repulsion Energy is 89.21769391 eV.
Electron Energy is -602.1946427 eV.
  Suv_RA
        0   0.3446  -0.1865        0        0  -0.3446        0        0        0        0   0.1865        0        0        0        0        0        0        0        0        0        0        0        0        0        0
        0        0        0   0.2129        0        0        0        0        0        0        0        0        0        0        0  -0.2129        0        0        0        0        0        0        0        0        0
        0        0        0        0   0.2129        0        0        0        0        0        0        0        0        0        0        0        0        0        0        0  -0.2129        0        0        0        0
gammaAB_RA
        0   5.1381  -5.1381        0
        0        0        0        0
        0        0        0        0
gradient_nuclear
   48.7528  -48.7528
         0         0
         0         0
gradient_electronic
  -45.8261   45.8261
         0         0
         0         0
gradient
   2.9267  -2.9267
        0        0
        0        0
